0 340 0 0 0 0 0 0 0 0 0 0 0
340 350 2 0 0 0 0 0 0 0 0 0 0
350 360 3 0 0 0 0 0 0 0 0 0 0
360 370 4 0 0 0 0 0 0 0 0 0 0
370 380 5 0 0 0 0 0 0 0 0 0 0
380 390 6 0 0 0 0 0 0 0 0 0 0
390 400 7 0 0 0 0 0 0 0 0 0 0
400 410 8 0 0 0 0 0 0 0 0 0 0
410 420 9 0 0 0 0 0 0 0 0 0 0
420 430 10 0 0 0 0 0 0 0 0 0 0
430 440 11 0 0 0 0 0 0 0 0 0 0
440 450 12 0 0 0 0 0 0 0 0 0 0
450 460 13 0 0 0 0 0 0 0 0 0 0
460 470 14 0 0 0 0 0 0 0 0 0 0
470 480 15 0 0 0 0 0 0 0 0 0 0
480 490 16 0 0 0 0 0 0 0 0 0 0
490 500 17 1 0 0 0 0 0 0 0 0 0
500 520 18 3 0 0 0 0 0 0 0 0 0
520 540 20 5 0 0 0 0 0 0 0 0 0
540 560 22 7 0 0 0 0 0 0 0 0 0
560 580 24 9 0 0 0 0 0 0 0 0 0
580 600 26 11 0 0 0 0 0 0 0 0 0
600 620 28 13 0 0 0 0 0 0 0 0 0
620 640 30 15 0 0 0 0 0 0 0 0 0
640 660 32 17 1 0 0 0 0 0 0 0 0
660 680 34 19 3 0 0 0 0 0 0 0 0
680 700 36 21 5 0 0 0 0 0 0 0 0
700 720 38 23 7 0 0 0 0 0 0 0 0
720 740 40 25 9 0 0 0 0 0 0 0 0
740 760 42 27 11 0 0 0 0 0 0 0 0
760 780 44 29 13 0 0 0 0 0 0 0 0
780 800 46 31 15 0 0 0 0 0 0 0 0
800 820 48 33 17 1 0 0 0 0 0 0 0
820 840 50 35 19 3 0 0 0 0 0 0 0
840 860 52 37 21 5 0 0 0 0 0 0 0
860 880 54 39 23 7 0 0 0 0 0 0 0
880 900 56 41 25 9 0 0 0 0 0 0 0
900 920 58 43 27 11 0 0 0 0 0 0 0
920 940 60 45 29 13 0 0 0 0 0 0 0
940 960 62 47 31 15 0 0 0 0 0 0 0
960 980 64 49 33 17 2 0 0 0 0 0 0
980 1,000 66 51 35 19 4 0 0 0 0 0 0
1,000 1,020 68 53 37 21 6 0 0 0 0 0 0
1,020 1,040 70 55 39 23 8 0 0 0 0 0 0
1,040 1,060 73 57 41 25 10 0 0 0 0 0 0
1,060 1,080 76 59 43 27 12 0 0 0 0 0 0
1,080 1,100 79 61 45 29 14 0 0 0 0 0 0
1,100 1,120 82 63 47 31 16 0 0 0 0 0 0
1,120 1,140 85 65 49 33 18 2 0 0 0 0 0
1,140 1,160 88 67 51 35 20 4 0 0 0 0 0
1,160 1,180 91 69 53 37 22 6 0 0 0 0 0
1,180 1,200 94 71 55 39 24 8 0 0 0 0 0
1,200 1,220 97 73 57 41 26 10 0 0 0 0 0
1,220 1,240 100 76 59 43 28 12 0 0 0 0 0
1,240 1,260 103 79 61 45 30 14 0 0 0 0 0
1,260 1,280 106 82 63 47 32 16 1 0 0 0 0
1,280 1,300 109 85 65 49 34 18 3 0 0 0 0
1,300 1,320 112 88 67 51 36 20 5 0 0 0 0
1,320 1,340 115 91 69 53 38 22 7 0 0 0 0
1,340 1,360 118 94 71 55 40 24 9 0 0 0 0
1,360 1,380 121 97 74 57 42 26 11 0 0 0 0
1,380 1,400 124 100 77 59 44 28 13 0 0 0 0
1,400 1,420 127 103 80 61 46 30 15 0 0 0 0
1,420 1,440 130 106 83 63 48 32 17 1 0 0 0
1,440 1,460 133 109 86 65 50 34 19 3 0 0 0
1,460 1,480 136 112 89 67 52 36 21 5 0 0 0
1,480 1,500 139 115 92 69 54 38 23 7 0 0 0
1,500 1,520 142 118 95 71 56 40 25 9 0 0 0
1,520 1,540 145 121 98 74 58 42 27 11 0 0 0
1,540 1,560 148 124 101 77 60 44 29 13 0 0 0
1,560 1,580 151 127 104 80 62 46 31 15 0 0 0
1,580 1,600 154 130 107 83 64 48 33 17 2 0 0
1,600 1,620 157 133 110 86 66 50 35 19 4 0 0
1,620 1,640 160 136 113 89 68 52 37 21 6 0 0
1,640 1,660 163 139 116 92 70 54 39 23 8 0 0
1,660 1,680 166 142 119 95 72 56 41 25 10 0 0
1,680 1,700 169 145 122 98 75 58 43 27 12 0 0
1,700 1,720 172 148 125 101 78 60 45 29 14 0 0
1,720 1,740 175 151 128 104 81 62 47 31 16 0 0
1,740 1,760 178 154 131 107 84 64 49 33 18 2 0
1,760 1,780 181 157 134 110 87 66 51 35 20 4 0
1,780 1,800 184 160 137 113 90 68 53 37 22 6 0
1,800 1,820 187 163 140 116 93 70 55 39 24 8 0
1,820 1,840 190 166 143 119 96 73 57 41 26 10 0
1,840 1,860 193 169 146 122 99 76 59 43 28 12 0
1,860 1,880 196 172 149 125 102 79 61 45 30 14 0
1,880 1,900 199 175 152 128 105 82 63 47 32 16 0
1,900 1,920 202 178 155 131 108 85 65 49 34 18 2
1,920 1,940 205 181 158 134 111 88 67 51 36 20 4
1,940 1,960 208 184 161 137 114 91 69 53 38 22 6
1,960 1,980 211 187 164 140 117 94 71 55 40 24 8
1,980 2,000 214 190 167 143 120 97 73 57 42 26 10
2,000 2,020 217 193 170 146 123 100 76 59 44 28 12
2,020 2,040 220 196 173 149 126 103 79 61 46 30 14
2,040 2,060 223 199 176 152 129 106 82 63 48 32 16
2,060 2,080 226 202 179 155 132 109 85 65 50 34 18
2,080 2,100 229 205 182 158 135 112 88 67 52 36 20
2,100 2,120 232 208 185 161 138 115 91 69 54 38 22
2,120 2,140 235 211 188 164 141 118 94 71 56 40 24
2,140 2,160 238 214 191 167 144 121 97 74 58 42 26
2,160 2,180 241 217 194 170 147 124 100 77 60 44 28
2,180 2,200 244 220 197 173 150 127 103 80 62 46 30
2,200 2,220 247 223 200 176 153 130 106 83 64 48 32
2,220 2,240 250 226 203 179 156 133 109 86 66 50 34
2,240 2,260 253 229 206 182 159 136 112 89 68 52 36
2,260 2,280 256 232 209 185 162 139 115 92 70 54 38
2,280 2,300 259 235 212 188 165 142 118 95 72 56 40
2,300 2,320 262 238 215 191 168 145 121 98 75 58 42
2,320 2,340 265 241 218 194 171 148 124 101 78 60 44
2,340 2,360 268 244 221 197 174 151 127 104 81 62 46
2,360 2,380 271 247 224 200 177 154 130 107 84 64 48
2,380 2,400 274 250 227 203 180 157 133 110 87 66 50
2,400 2,420 277 253 230 206 183 160 136 113 90 68 52
2,420 2,440 280 256 233 209 186 163 139 116 93 70 54
2,440 2,460 283 259 236 212 189 166 142 119 96 72 56
2,460 2,480 286 262 239 215 192 169 145 122 99 75 58
2,480 2,500 289 265 242 218 195 172 148 125 102 78 60
2,500 2,520 292 268 245 221 198 175 151 128 105 81 62
2,520 2,540 295 271 248 224 201 178 154 131 108 84 64
2,540 2,560 298 274 251 227 204 181 157 134 111 87 66
2,560 2,580 301 277 254 230 207 184 160 137 114 90 68
2,580 2,600 304 280 257 233 210 187 163 140 117 93 70
2,600 2,620 307 283 260 236 213 190 166 143 120 96 73
2,620 2,640 310 286 263 239 216 193 169 146 123 99 76
2,640 2,660 313 289 266 242 219 196 172 149 126 102 79
2,660 2,680 316 292 269 245 222 199 175 152 129 105 82
2,680 2,700 319 295 272 248 225 202 178 155 132 108 85
2,700 2,720 322 298 275 251 228 205 181 158 135 111 88
2,720 2,740 325 301 278 254 231 208 184 161 138 114 91
2,740 2,760 328 304 281 257 234 211 187 164 141 117 94
2,760 2,780 331 307 284 260 237 214 190 167 144 120 97
2,780 2,800 334 310 287 263 240 217 193 170 147 123 100
2,800 2,820 337 313 290 266 243 220 196 173 150 126 103
2,820 2,840 340 316 293 269 246 223 199 176 153 129 106
2,840 2,860 343 319 296 272 249 226 202 179 156 132 109
2,860 2,880 346 322 299 275 252 229 205 182 159 135 112
