0 105 0 0 0 0 0 0 0 0 0 0 0
105 110 2 0 0 0 0 0 0 0 0 0 0
110 115 3 0 0 0 0 0 0 0 0 0 0
115 120 3 0 0 0 0 0 0 0 0 0 0
120 125 4 0 0 0 0 0 0 0 0 0 0
125 130 4 0 0 0 0 0 0 0 0 0 0
130 135 5 0 0 0 0 0 0 0 0 0 0
135 140 5 0 0 0 0 0 0 0 0 0 0
140 145 6 0 0 0 0 0 0 0 0 0 0
145 150 6 0 0 0 0 0 0 0 0 0 0
150 155 7 0 0 0 0 0 0 0 0 0 0
155 160 7 0 0 0 0 0 0 0 0 0 0
160 165 8 0 0 0 0 0 0 0 0 0 0
165 170 8 0 0 0 0 0 0 0 0 0 0
170 175 9 0 0 0 0 0 0 0 0 0 0
175 180 9 0 0 0 0 0 0 0 0 0 0
180 185 10 0 0 0 0 0 0 0 0 0 0
185 190 10 0 0 0 0 0 0 0 0 0 0
190 195 11 0 0 0 0 0 0 0 0 0 0
195 200 11 0 0 0 0 0 0 0 0 0 0
200 205 12 0 0 0 0 0 0 0 0 0 0
205 210 12 0 0 0 0 0 0 0 0 0 0
210 215 13 0 0 0 0 0 0 0 0 0 0
215 220 13 0 0 0 0 0 0 0 0 0 0
220 225 14 0 0 0 0 0 0 0 0 0 0
225 230 14 0 0 0 0 0 0 0 0 0 0
230 235 15 0 0 0 0 0 0 0 0 0 0
235 240 15 0 0 0 0 0 0 0 0 0 0
240 245 16 0 0 0 0 0 0 0 0 0 0
245 250 16 1 0 0 0 0 0 0 0 0 0
250 260 17 1 0 0 0 0 0 0 0 0 0
260 270 18 2 0 0 0 0 0 0 0 0 0
270 280 19 3 0 0 0 0 0 0 0 0 0
280 290 20 4 0 0 0 0 0 0 0 0 0
290 300 21 5 0 0 0 0 0 0 0 0 0
300 310 22 6 0 0 0 0 0 0 0 0 0
310 320 23 7 0 0 0 0 0 0 0 0 0
320 330 24 8 0 0 0 0 0 0 0 0 0
330 340 25 9 0 0 0 0 0 0 0 0 0
340 350 26 10 0 0 0 0 0 0 0 0 0
350 360 27 11 0 0 0 0 0 0 0 0 0
360 370 28 12 0 0 0 0 0 0 0 0 0
370 380 29 13 0 0 0 0 0 0 0 0 0
380 390 30 14 0 0 0 0 0 0 0 0 0
390 400 31 15 0 0 0 0 0 0 0 0 0
400 410 32 16 1 0 0 0 0 0 0 0 0
410 420 33 17 2 0 0 0 0 0 0 0 0
420 430 34 18 3 0 0 0 0 0 0 0 0
430 440 35 19 4 0 0 0 0 0 0 0 0
440 450 36 20 5 0 0 0 0 0 0 0 0
450 460 37 21 6 0 0 0 0 0 0 0 0
460 470 39 22 7 0 0 0 0 0 0 0 0
470 480 40 23 8 0 0 0 0 0 0 0 0
480 490 42 24 9 0 0 0 0 0 0 0 0
490 500 43 25 10 0 0 0 0 0 0 0 0
500 520 46 27 11 0 0 0 0 0 0 0 0
520 540 49 29 13 0 0 0 0 0 0 0 0
540 560 52 31 15 0 0 0 0 0 0 0 0
560 580 55 33 17 2 0 0 0 0 0 0 0
580 600 58 35 19 4 0 0 0 0 0 0 0
600 620 61 37 21 6 0 0 0 0 0 0 0
620 640 64 40 23 8 0 0 0 0 0 0 0
640 660 67 43 25 10 0 0 0 0 0 0 0
660 680 70 46 27 12 0 0 0 0 0 0 0
680 700 73 49 29 14 0 0 0 0 0 0 0
700 720 76 52 31 16 0 0 0 0 0 0 0
720 740 79 55 33 18 2 0 0 0 0 0 0
740 760 82 58 35 20 4 0 0 0 0 0 0
760 780 85 61 38 22 6 0 0 0 0 0 0
780 800 88 64 41 24 8 0 0 0 0 0 0
800 820 91 67 44 26 10 0 0 0 0 0 0
820 840 94 70 47 28 12 0 0 0 0 0 0
840 860 97 73 50 30 14 0 0 0 0 0 0
860 880 100 76 53 32 16 0 0 0 0 0 0
880 900 103 79 56 34 18 2 0 0 0 0 0
900 920 106 82 59 36 20 4 0 0 0 0 0
920 940 109 85 62 39 22 6 0 0 0 0 0
940 960 112 88 65 42 24 8 0 0 0 0 0
960 980 115 91 68 45 26 10 0 0 0 0 0
980 1,000 118 94 71 48 28 12 0 0 0 0 0
1,000 1,020 121 97 74 51 30 14 0 0 0 0 0
1,020 1,040 124 100 77 54 32 16 1 0 0 0 0
1,040 1,060 127 103 80 57 34 18 3 0 0 0 0
1,060 1,080 130 106 83 60 36 20 5 0 0 0 0
1,080 1,100 133 109 86 63 39 22 7 0 0 0 0
1,100 1,120 136 112 89 66 42 24 9 0 0 0 0
1,120 1,140 139 115 92 69 45 26 11 0 0 0 0
1,140 1,160 142 118 95 72 48 28 13 0 0 0 0
1,160 1,180 145 121 98 75 51 30 15 0 0 0 0
1,180 1,200 148 124 101 78 54 32 17 1 0 0 0
1,200 1,220 151 127 104 81 57 34 19 3 0 0 0
1,220 1,240 154 130 107 84 60 37 21 5 0 0 0
1,240 1,260 157 133 110 87 63 40 23 7 0 0 0
1,260 1,280 160 136 113 90 66 43 25 9 0 0 0
1,280 1,300 163 139 116 93 69 46 27 11 0 0 0
1,300 1,320 166 142 119 96 72 49 29 13 0 0 0
1,320 1,340 169 145 122 99 75 52 31 15 0 0 0
1,340 1,360 172 148 125 102 78 55 33 17 2 0 0
1,360 1,380 175 151 128 105 81 58 35 19 4 0 0
1,380 1,400 178 154 131 108 84 61 37 21 6 0 0
1,400 1,420 181 157 134 111 87 64 40 23 8 0 0
1,420 1,440 184 160 137 114 90 67 43 25 10 0 0
1,440 1,460 187 163 140 117 93 70 46 27 12 0 0
1,460 1,480 190 166 143 120 96 73 49 29 14 0 0
1,480 1,500 193 169 146 123 99 76 52 31 16 0 0
1,500 1,520 196 172 149 126 102 79 55 33 18 2 0
1,520 1,540 199 175 152 129 105 82 58 35 20 4 0
1,540 1,560 203 178 155 132 108 85 61 38 22 6 0
1,560 1,580 208 181 158 135 111 88 64 41 24 8 0
1,580 1,600 213 184 161 138 114 91 67 44 26 10 0
1,600 1,620 218 187 164 141 117 94 70 47 28 12 0
1,620 1,640 223 190 167 144 120 97 73 50 30 14 0
1,640 1,660 228 193 170 147 123 100 76 53 32 16 1
1,660 1,680 233 196 173 150 126 103 79 56 34 18 3
1,680 1,700 238 199 176 153 129 106 82 59 36 20 5
1,700 1,720 243 204 179 156 132 109 85 62 39 22 7
1,720 1,740 248 209 182 159 135 112 88 65 42 24 9
1,740 1,760 253 214 185 162 138 115 91 68 45 26 11
1,760 1,780 258 219 188 165 141 118 94 71 48 28 13
1,780 1,800 263 224 191 168 144 121 97 74 51 30 15
1,800 1,820 268 229 194 171 147 124 100 77 54 32 17
1,820 1,840 273 234 197 174 150 127 103 80 57 34 19
1,840 1,860 278 239 200 177 153 130 106 83 60 36 21
1,860 1,880 283 244 205 180 156 133 109 86 63 39 23
1,880 1,900 288 249 210 183 159 136 112 89 66 42 25
1,900 1,920 293 254 215 186 162 139 115 92 69 45 27
1,920 1,940 298 259 220 189 165 142 118 95 72 48 29
1,940 1,960 303 264 225 192 168 145 121 98 75 51 31
1,960 1,980 308 269 230 195 171 148 124 101 78 54 33
1,980 2,000 313 274 235 198 174 151 127 104 81 57 35
2,000 2,020 318 279 240 201 177 154 130 107 84 60 37
2,020 2,040 323 284 245 206 180 157 133 110 87 63 40
2,040 2,060 328 289 250 211 183 160 136 113 90 66 43
2,060 2,080 333 294 255 216 186 163 139 116 93 69 46
2,080 2,100 338 299 260 221 189 166 142 119 96 72 49
