0 192 0 0 0 0 0 0 0 0 0 0 0 0
192 258 0 0 0 0 0 0 0 0 0 0 0 0 
258 323 0 0 0 0 0 0 0 0 0 0 0 0 
323 388 3 0 0 0 0 0 0 0 0 0 0 0 
388 454 7 2 0 0 0 0 0 0 0 0 0 0 
454 519 10 5 0 0 0 0 0 0 0 0 0 0 
519 585 13 8 4 0 0 0 0 0 0 0 0 0 
585 650 16 12 7 2 0 0 0 0 0 0 0 0 
650 715 20 15 10 5 0 0 0 0 0 0 0 0 
715 781 24 19 14 9 4 0 0 0 0 0 0 0 
781 846 28 23 18 13 9 4 0 0 0 0 0 0 
846 912 32 27 22 18 13 8 3 0 0 0 0 0 
912 977 36 31 26 22 17 12 7 2 0 0 0 0 
977 1,042 40 35 31 26 21 16 11 7 2 0 0 0 
1,042 1,108 44 39 35 30 25 20 15 11 6 1 0 0 
1,108 1,173 48 44 39 34 29 24 20 15 10 5 0 0 
1,173 1,238 53 48 43 38 33 29 24 19 14 9 4 0 
1,238 1,304 57 52 47 42 37 33 28 23 18 13 9 4 
1,304 1,369 61 56 51 46 42 37 32 27 22 18 13 8 
1,369 1,435 65 60 55 50 46 41 36 31 26 22 17 12 
1,435 1,500 69 64 59 55 50 45 40 35 31 26 21 16 
1,500 1,565 73 68 64 59 54 49 44 39 35 30 25 20 
1,565 1,631 77 72 68 63 58 53 48 44 39 34 29 24 
1,631 1,696 81 77 72 67 62 57 53 48 43 38 33 28 
1,696 1,762 85 81 76 71 66 61 57 52 47 42 37 33 
1,762 1,827 90 85 80 75 70 66 61 56 51 46 42 37 
1,827 1,892 93 89 84 79 75 70 65 60 55 50 46 41 
1,892 1,958 96 93 88 83 79 74 69 64 59 55 50 45 
1,958 2,023 100 97 92 88 83 78 73 68 64 59 54 49 
2,023 2,088 103 101 96 92 87 82 77 72 68 63 58 53 
2,088 2,154 106 105 101 96 91 86 81 77 72 67 62 57 
2,154 2,219 109 109 105 100 95 90 85 81 76 71 66 61 
2,219 2,285 113 113 109 104 99 94 90 85 80 75 70 66 
2,285 2,350 116 116 113 108 103 99 94 89 84 79 74 70 
2,350 2,415 119 119 117 112 107 103 98 93 88 83 79 74 
2,415 2,481 122 122 121 116 112 107 102 97 92 88 83 78 
2,481 2,546 126 126 125 121 116 111 106 101 96 92 87 82 
2,546 2,612 129 129 129 125 120 115 110 105 101 96 91 86 
2,612 2,677 132 132 132 129 124 119 114 110 105 100 95 90 
2,677 2,742 135 135 135 133 128 123 118 114 109 104 99 94 
2,742 2,808 139 139 139 137 132 127 123 118 113 108 103 99 
2,808 2,873 142 142 142 141 136 131 127 122 117 112 107 103 
2,873 2,938 145 145 145 145 140 136 131 126 121 116 112 107 
2,938 3,004 149 149 149 149 145 140 135 130 125 120 116 111 
3,004 3,069 152 152 152 152 149 144 139 134 129 125 120 115 
3,069 3,135 155 155 155 155 153 148 143 138 134 129 124 119 
3,135 3,200 158 158 158 158 157 152 147 142 138 133 128 123 
3,200 3,265 162 162 162 162 161 156 151 147 142 137 132 127 
3,265 3,331 165 165 165 165 165 160 156 151 146 141 136 131 
3,331 3,396 168 168 168 168 168 164 160 155 150 145 140 136 
3,396 3,462 171 171 171 171 171 169 164 159 154 149 145 140 
3,462 3,527 175 175 175 175 175 173 168 163 158 153 149 144 
3,527 3,592 178 178 178 178 178 177 172 167 162 158 153 148 
3,592 3,658 181 181 181 181 181 181 176 171 166 162 157 152 
3,658 3,723 185 185 185 185 185 185 180 175 171 166 161 156 
3,723 3,788 188 188 188 188 188 188 184 180 175 170 165 160 
3,788 3,854 191 191 191 191 191 191 188 184 179 174 169 164 