0 445 0 0 0 0 0 0 0 0 0 0 0
445 455 1 0 0 0 0 0 0 0 0 0 0
455 465 2 0 0 0 0 0 0 0 0 0 0
465 475 3 0 0 0 0 0 0 0 0 0 0
475 485 4 0 0 0 0 0 0 0 0 0 0
485 495 5 0 0 0 0 0 0 0 0 0 0
495 505 6 0 0 0 0 0 0 0 0 0 0
505 525 7 0 0 0 0 0 0 0 0 0 0
525 545 9 0 0 0 0 0 0 0 0 0 0
545 565 11 0 0 0 0 0 0 0 0 0 0
565 585 13 0 0 0 0 0 0 0 0 0 0
585 605 15 0 0 0 0 0 0 0 0 0 0
605 625 17 1 0 0 0 0 0 0 0 0 0
625 645 19 3 0 0 0 0 0 0 0 0 0
645 665 21 5 0 0 0 0 0 0 0 0 0
665 685 23 7 0 0 0 0 0 0 0 0 0
685 705 25 9 0 0 0 0 0 0 0 0 0
705 725 27 11 0 0 0 0 0 0 0 0 0
725 745 29 13 0 0 0 0 0 0 0 0 0
745 765 31 15 0 0 0 0 0 0 0 0 0
765 785 33 17 1 0 0 0 0 0 0 0 0
785 805 35 19 3 0 0 0 0 0 0 0 0
805 825 37 21 5 0 0 0 0 0 0 0 0
825 845 39 23 7 0 0 0 0 0 0 0 0
845 865 41 25 9 0 0 0 0 0 0 0 0
865 885 43 27 11 0 0 0 0 0 0 0 0
885 905 45 29 13 0 0 0 0 0 0 0 0
905 925 47 31 15 0 0 0 0 0 0 0 0
925 945 49 33 17 1 0 0 0 0 0 0 0
945 965 51 35 19 3 0 0 0 0 0 0 0
965 985 53 37 21 5 0 0 0 0 0 0 0
985 1,005 55 39 23 7 0 0 0 0 0 0 0
1,005 1,025 57 41 25 9 0 0 0 0 0 0 0
1,025 1,045 59 43 27 11 0 0 0 0 0 0 0
1,045 1,065 61 45 29 13 0 0 0 0 0 0 0
1,065 1,085 63 47 31 15 0 0 0 0 0 0 0
1,085 1,105 65 49 33 17 1 0 0 0 0 0 0
1,105 1,125 67 51 35 19 3 0 0 0 0 0 0
1,125 1,145 69 53 37 21 5 0 0 0 0 0 0
1,145 1,165 71 55 39 23 7 0 0 0 0 0 0
1,165 1,185 73 57 41 25 9 0 0 0 0 0 0
1,185 1,205 75 59 43 27 11 0 0 0 0 0 0
1,205 1,225 78 61 45 29 13 0 0 0 0 0 0
1,225 1,245 80 63 47 31 15 0 0 0 0 0 0
1,245 1,265 83 65 49 33 17 1 0 0 0 0 0
1,265 1,285 85 67 51 35 19 3 0 0 0 0 0
1,285 1,305 87 69 53 37 21 5 0 0 0 0 0
1,305 1,325 90 71 55 39 23 7 0 0 0 0 0
1,325 1,345 92 73 57 41 25 9 0 0 0 0 0
1,345 1,365 95 75 59 43 27 11 0 0 0 0 0
1,365 1,385 97 78 61 45 29 13 0 0 0 0 0
1,385 1,405 99 80 63 47 31 15 0 0 0 0 0
1,405 1,425 102 83 65 49 33 17 1 0 0 0 0
1,425 1,445 104 85 67 51 35 19 3 0 0 0 0
1,445 1,465 107 87 69 53 37 21 5 0 0 0 0
1,465 1,485 109 90 71 55 39 23 7 0 0 0 0
1,485 1,505 111 92 73 57 41 25 9 0 0 0 0
1,505 1,525 114 95 76 59 43 27 11 0 0 0 0
1,525 1,545 116 97 78 61 45 29 13 0 0 0 0
1,545 1,565 119 99 80 63 47 31 15 0 0 0 0
1,565 1,585 121 102 83 65 49 33 17 1 0 0 0
1,585 1,605 123 104 85 67 51 35 19 3 0 0 0
1,605 1,625 126 107 88 69 53 37 21 5 0 0 0
1,625 1,645 128 109 90 71 55 39 23 7 0 0 0
1,645 1,665 131 111 92 73 57 41 25 9 0 0 0
1,665 1,685 133 114 95 76 59 43 27 11 0 0 0
1,685 1,705 135 116 97 78 61 45 29 13 0 0 0
1,705 1,725 138 119 100 80 63 47 31 15 0 0 0
1,725 1,745 140 121 102 83 65 49 33 17 1 0 0
1,745 1,765 143 123 104 85 67 51 35 19 3 0 0
1,765 1,785 145 126 107 88 69 53 37 21 5 0 0
1,785 1,805 147 128 109 90 71 55 39 23 7 0 0
1,805 1,825 150 131 112 92 73 57 41 25 9 0 0
1,825 1,845 152 133 114 95 76 59 43 27 11 0 0
1,845 1,865 155 135 116 97 78 61 45 29 13 0 0
1,865 1,885 157 138 119 100 80 63 47 31 15 0 0
1,885 1,905 159 140 121 102 83 65 49 33 17 1 0
1,905 1,925 162 143 124 104 85 67 51 35 19 3 0
1,925 1,945 164 145 126 107 88 69 53 37 21 5 0
1,945 1,965 167 147 128 109 90 71 55 39 23 7 0
1,965 1,985 169 150 131 112 92 73 57 41 25 9 0
1,985 2,005 171 152 133 114 95 76 59 43 27 11 0
2,005 2,025 174 155 136 116 97 78 61 45 29 13 0
2,025 2,045 176 157 138 119 100 80 63 47 31 15 0
2,045 2,065 179 159 140 121 102 83 65 49 33 17 1
2,065 2,085 181 162 143 124 104 85 67 51 35 19 3
2,085 2,105 183 164 145 126 107 88 69 53 37 21 5
2,105 2,125 186 167 148 128 109 90 71 55 39 23 7
2,125 2,145 188 169 150 131 112 92 73 57 41 25 9
2,145 2,165 191 171 152 133 114 95 76 59 43 27 11
2,165 2,185 193 174 155 136 116 97 78 61 45 29 13
2,185 2,205 195 176 157 138 119 100 81 63 47 31 15
2,205 2,225 198 179 160 140 121 102 83 65 49 33 17
2,225 2,245 200 181 162 143 124 104 85 67 51 35 19
2,245 2,265 203 183 164 145 126 107 88 69 53 37 21
2,265 2,285 205 186 167 148 128 109 90 71 55 39 23
2,285 2,305 207 188 169 150 131 112 93 73 57 41 25
2,305 2,325 210 191 172 152 133 114 95 76 59 43 27
2,325 2,345 212 193 174 155 136 116 97 78 61 45 29
2,345 2,365 215 195 176 157 138 119 100 81 63 47 31
2,365 2,385 217 198 179 160 140 121 102 83 65 49 33
2,385 2,405 219 200 181 162 143 124 105 85 67 51 35
2,405 2,425 222 203 184 164 145 126 107 88 69 53 37
2,425 2,445 224 205 186 167 148 128 109 90 71 55 39
2,445 2,465 227 207 188 169 150 131 112 93 73 57 41
2,465 2,485 229 210 191 172 152 133 114 95 76 59 43
2,485 2,505 231 212 193 174 155 136 117 97 78 61 45
2,505 2,525 234 215 196 176 157 138 119 100 81 63 47
2,525 2,545 236 217 198 179 160 140 121 102 83 65 49
2,545 2,565 239 219 200 181 162 143 124 105 85 67 51
2,565 2,585 241 222 203 184 164 145 126 107 88 69 53
2,585 2,605 243 224 205 186 167 148 129 109 90 71 55
2,605 2,625 246 227 208 188 169 150 131 112 93 73 57
2,625 2,645 248 229 210 191 172 152 133 114 95 76 59
2,645 2,665 251 231 212 193 174 155 136 117 97 78 61
2,665 2,685 253 234 215 196 176 157 138 119 100 81 63
2,685 2,705 255 236 217 198 179 160 141 121 102 83 65
2,705 2,725 258 239 220 200 181 162 143 124 105 85 67
2,725 2,745 260 241 222 203 184 164 145 126 107 88 69
2,745 2,765 263 243 224 205 186 167 148 129 109 90 71
2,765 2,785 265 246 227 208 188 169 150 131 112 93 74
2,785 2,805 267 248 229 210 191 172 153 133 114 95 76
2,805 2,825 270 251 232 212 193 174 155 136 117 97 78
2,825 2,845 272 253 234 215 196 176 157 138 119 100 81
2,845 2,865 275 255 236 217 198 179 160 141 121 102 83
2,865 2,885 277 258 239 220 200 181 162 143 124 105 86
2,885 2,905 279 260 241 222 203 184 165 145 126 107 88
2,905 2,925 282 263 244 224 205 186 167 148 129 109 90
2,925 2,945 284 265 246 227 208 188 169 150 131 112 93
2,945 2,965 287 267 248 229 210 191 172 153 133 114 95
2,965 2,985 289 270 251 232 212 193 174 155 136 117 98
2,985 3,005 291 272 253 234 215 196 177 157 138 119 100
3,005 3,025 294 275 256 236 217 198 179 160 141 121 102
3,025 3,045 296 277 258 239 220 200 181 162 143 124 105
3,045 3,065 299 279 260 241 222 203 184 165 145 126 107
3,065 3,085 301 282 263 244 224 205 186 167 148 129 110