192 258 2 0 0 0 0 0 0 0 0 0 0 0 
258 323 5 0 0 0 0 0 0 0 0 0 0 0 
323 388 8 3 0 0 0 0 0 0 0 0 0 0 
388 454 11 7 2 0 0 0 0 0 0 0 0 0 
454 519 15 10 5 1 0 0 0 0 0 0 0 0 
519 585 19 14 10 5 0 0 0 0 0 0 0 0 
585 650 23 18 14 9 4 0 0 0 0 0 0 0 
650 715 27 23 18 13 8 3 0 0 0 0 0 0 
715 781 32 27 22 17 12 7 3 0 0 0 0 0 
781 846 36 31 26 21 16 12 7 2 0 0 0 0 
846 912 40 35 30 25 21 16 11 6 1 0 0 0 
912 977 44 39 34 29 25 20 15 10 5 1 0 0 
977 1,042 48 43 38 34 29 24 19 14 10 5 0 0 
1,042 1,108 52 47 42 38 33 28 23 18 14 9 4 0 
1,108 1,173 56 51 47 42 37 32 27 23 18 13 8 3 
1,173 1,238 60 56 51 46 41 36 32 27 22 17 12 7 
1,238 1,304 64 60 55 50 45 40 36 31 26 21 16 12 
1,304 1,369 67 64 59 54 49 45 40 35 30 25 21 16 
1,369 1,435 70 68 63 58 53 49 44 39 34 29 25 20 
1,435 1,500 73 72 67 62 58 53 48 43 38 34 29 24 
1,500 1,565 77 76 71 67 62 57 52 47 42 38 33 28 
1,565 1,631 80 80 75 71 66 61 56 51 47 42 37 32 
1,631 1,696 83 83 80 75 70 65 60 56 51 46 41 36 
1,696 1,762 86 86 84 79 74 69 64 60 55 50 45 40 
1,762 1,827 90 90 88 83 78 73 69 64 59 54 49 45 
1,827 1,892 93 93 92 87 82 78 73 68 63 58 53 49 
1,892 1,958 96 96 96 91 86 82 77 72 67 62 58 53 
1,958 2,023 100 100 100 95 91 86 81 76 71 67 62 57 
2,023 2,088 103 103 103 99 95 90 85 80 75 71 66 61 
2,088 2,154 106 106 106 104 99 94 89 84 80 75 70 65 
2,154 2,219 109 109 109 108 103 98 93 88 84 79 74 69 
2,219 2,285 113 113 113 112 107 102 97 93 88 83 78 73 
2,285 2,350 116 116 116 116 111 106 102 97 92 87 82 77 
2,350 2,415 119 119 119 119 115 110 106 101 96 91 86 82 
2,415 2,481 122 122 122 122 119 115 110 105 100 95 91 86 
2,481 2,546 126 126 126 126 124 119 114 109 104 99 95 90 
2,546 2,612 129 129 129 129 128 123 118 113 108 104 99 94 
2,612 2,677 132 132 132 132 132 127 122 117 113 108 103 98 
2,677 2,742 135 135 135 135 135 131 126 121 117 112 107 102 
2,742 2,808 139 139 139 139 139 135 130 126 121 116 111 106 
2,808 2,873 142 142 142 142 142 139 134 130 125 120 115 110 
2,873 2,938 145 145 145 145 145 143 139 134 129 124 119 115 
2,938 3,004 149 149 149 149 149 148 143 138 133 128 123 119 
3,004 3,069 152 152 152 152 152 152 147 142 137 132 128 123 
3,069 3,135 155 155 155 155 155 155 151 146 141 137 132 127 
3,135 3,200 158 158 158 158 158 158 155 150 145 141 136 131 
3,200 3,265 162 162 162 162 162 162 159 154 150 145 140 135 
3,265 3,331 165 165 165 165 165 165 163 159 154 149 144 139 
3,331 3,396 168 168 168 168 168 168 167 163 158 153 148 143 
3,396 3,462 171 171 171 171 171 171 171 167 162 157 152 148 
3,462 3,527 175 175 175 175 175 175 175 171 166 161 156 152 
3,527 3,592 178 178 178 178 178 178 178 175 170 165 161 156 
3,592 3,658 181 181 181 181 181 181 181 179 174 169 165 160 
3,658 3,723 185 185 185 185 185 185 185 183 178 174 169 164 
3,723 3,788 188 188 188 188 188 188 188 187 183 178 173 168 
3,788 3,854 191 191 191 191 191 191 191 191 187 182 177 172