0 105 0 0 0 0 0 0 0 0 0 0 0
145 150 1 0 0 0 0 0 0 0 0 0 0
150 155 1 0 0 0 0 0 0 0 0 0 0
155 160 2 0 0 0 0 0 0 0 0 0 0
160 165 2 0 0 0 0 0 0 0 0 0 0
165 170 3 0 0 0 0 0 0 0 0 0 0
170 175 3 0 0 0 0 0 0 0 0 0 0
175 180 4 0 0 0 0 0 0 0 0 0 0
180 185 4 0 0 0 0 0 0 0 0 0 0
185 190 5 0 0 0 0 0 0 0 0 0 0
190 195 5 0 0 0 0 0 0 0 0 0 0
195 200 6 0 0 0 0 0 0 0 0 0 0
200 205 6 0 0 0 0 0 0 0 0 0 0
205 210 7 0 0 0 0 0 0 0 0 0 0
210 215 7 0 0 0 0 0 0 0 0 0 0
215 220 8 0 0 0 0 0 0 0 0 0 0
220 225 8 0 0 0 0 0 0 0 0 0 0
225 230 9 0 0 0 0 0 0 0 0 0 0
230 235 9 0 0 0 0 0 0 0 0 0 0
235 240 10 0 0 0 0 0 0 0 0 0 0
240 245 10 0 0 0 0 0 0 0 0 0 0
245 250 11 0 0 0 0 0 0 0 0 0 0
250 260 11 0 0 0 0 0 0 0 0 0 0
260 270 12 0 0 0 0 0 0 0 0 0 0
270 280 13 0 0 0 0 0 0 0 0 0 0
280 290 14 0 0 0 0 0 0 0 0 0 0
290 300 15 0 0 0 0 0 0 0 0 0 0
300 310 16 0 0 0 0 0 0 0 0 0 0
310 320 17 1 0 0 0 0 0 0 0 0 0
320 330 18 2 0 0 0 0 0 0 0 0 0
330 340 19 3 0 0 0 0 0 0 0 0 0
340 350 20 4 0 0 0 0 0 0 0 0 0
350 360 21 5 0 0 0 0 0 0 0 0 0
360 370 22 6 0 0 0 0 0 0 0 0 0
370 380 23 7 0 0 0 0 0 0 0 0 0
380 390 24 8 0 0 0 0 0 0 0 0 0
390 400 25 9 0 0 0 0 0 0 0 0 0
400 410 26 10 0 0 0 0 0 0 0 0 0
410 420 27 11 0 0 0 0 0 0 0 0 0
420 430 28 12 0 0 0 0 0 0 0 0 0
430 440 29 13 0 0 0 0 0 0 0 0 0
440 450 30 14 0 0 0 0 0 0 0 0 0
450 460 31 15 0 0 0 0 0 0 0 0 0
460 470 32 16 0 0 0 0 0 0 0 0 0
470 480 33 17 1 0 0 0 0 0 0 0 0
480 490 34 18 2 0 0 0 0 0 0 0 0
490 500 35 19 3 0 0 0 0 0 0 0 0
500 520 37 21 5 0 0 0 0 0 0 0 0
520 540 39 23 7 0 0 0 0 0 0 0 0
540 560 42 25 9 0 0 0 0 0 0 0 0
560 580 44 27 11 0 0 0 0 0 0 0 0
580 600 46 29 13 0 0 0 0 0 0 0 0
600 620 49 31 15 0 0 0 0 0 0 0 0
620 640 51 33 17 1 0 0 0 0 0 0 0
640 660 54 35 19 3 0 0 0 0 0 0 0
660 680 56 37 21 5 0 0 0 0 0 0 0
680 700 58 39 23 7 0 0 0 0 0 0 0
700 720 61 42 25 9 0 0 0 0 0 0 0
720 740 63 44 27 11 0 0 0 0 0 0 0
740 760 66 46 29 13 0 0 0 0 0 0 0
760 780 68 49 31 15 0 0 0 0 0 0 0
780 800 70 51 33 17 1 0 0 0 0 0 0
800 820 73 54 35 19 3 0 0 0 0 0 0
820 840 75 56 37 21 5 0 0 0 0 0 0
840 860 78 58 39 23 7 0 0 0 0 0 0
860 880 80 61 42 25 9 0 0 0 0 0 0
880 900 82 63 44 27 11 0 0 0 0 0 0
900 920 85 66 46 29 13 0 0 0 0 0 0
920 940 87 68 49 31 15 0 0 0 0 0 0
940 960 90 70 51 33 17 1 0 0 0 0 0
960 980 92 73 54 35 19 3 0 0 0 0 0
980 1,000 94 75 56 37 21 5 0 0 0 0 0
1,000 1,020 97 78 58 39 23 7 0 0 0 0 0
1,020 1,040 99 80 61 42 25 9 0 0 0 0 0
1,040 1,060 102 82 63 44 27 11 0 0 0 0 0
1,060 1,080 104 85 66 47 29 13 0 0 0 0 0
1,080 1,100 106 87 68 49 31 15 0 0 0 0 0
1,100 1,120 109 90 70 51 33 17 1 0 0 0 0
1,120 1,140 111 92 73 54 35 19 3 0 0 0 0
1,140 1,160 114 94 75 56 37 21 5 0 0 0 0
1,160 1,180 116 97 78 59 39 23 7 0 0 0 0
1,180 1,200 118 99 80 61 42 25 9 0 0 0 0
1,200 1,220 121 102 82 63 44 27 11 0 0 0 0
1,220 1,240 123 104 85 66 47 29 13 0 0 0 0
1,240 1,260 126 106 87 68 49 31 15 0 0 0 0
1,260 1,280 128 109 90 71 51 33 17 1 0 0 0
1,280 1,300 130 111 92 73 54 35 19 3 0 0 0
1,300 1,320 133 114 94 75 56 37 21 5 0 0 0
1,320 1,340 135 116 97 78 59 39 23 7 0 0 0
1,340 1,360 138 118 99 80 61 42 25 9 0 0 0
1,360 1,380 140 121 102 83 63 44 27 11 0 0 0
1,380 1,400 142 123 104 85 66 47 29 13 0 0 0
1,400 1,420 145 126 106 87 68 49 31 15 0 0 0
1,420 1,440 147 128 109 90 71 51 33 17 1 0 0
1,440 1,460 150 130 111 92 73 54 35 19 3 0 0
1,460 1,480 152 133 114 95 75 56 37 21 5 0 0
1,480 1,500 154 135 116 97 78 59 39 23 7 0 0
1,500 1,520 157 138 118 99 80 61 42 25 9 0 0
1,520 1,540 159 140 121 102 83 63 44 27 11 0 0
1,540 1,560 162 142 123 104 85 66 47 29 13 0 0
1,560 1,580 164 145 126 107 87 68 49 31 15 0 0
1,580 1,600 166 147 128 109 90 71 51 33 17 1 0
1,600 1,620 169 150 130 111 92 73 54 35 19 3 0
1,620 1,640 171 152 133 114 95 75 56 37 21 5 0
1,640 1,660 176 154 135 116 97 78 59 40 23 7 0
1,660 1,680 180 157 138 119 99 80 61 42 25 9 0
1,680 1,700 184 159 140 121 102 83 63 44 27 11 0
1,700 1,720 189 162 142 123 104 85 66 47 29 13 0
1,720 1,740 193 164 145 126 107 87 68 49 31 15 0
1,740 1,760 198 166 147 128 109 90 71 52 33 17 1
1,760 1,780 202 169 150 131 111 92 73 54 35 19 3
1,780 1,800 206 171 152 133 114 95 75 56 37 21 5
1,800 1,820 211 176 154 135 116 97 78 59 40 23 7
1,820 1,840 215 180 157 138 119 99 80 61 42 25 9
1,840 1,860 220 184 159 140 121 102 83 64 44 27 11
1,860 1,880 224 189 162 143 123 104 85 66 47 29 13
1,880 1,900 228 193 164 145 126 107 87 68 49 31 15
1,900 1,920 233 198 166 147 128 109 90 71 52 33 17
1,920 1,940 237 202 169 150 131 111 92 73 54 35 19
1,940 1,960 242 206 171 152 133 114 95 76 56 37 21
1,960 1,980 246 211 176 155 135 116 97 78 59 40 23
1,980 2,000 250 215 180 157 138 119 99 80 61 42 25
2,000 2,020 255 220 184 159 140 121 102 83 64 44 27
2,020 2,040 259 224 189 162 143 123 104 85 66 47 29
2,040 2,060 264 228 193 164 145 126 107 88 68 49 31
2,060 2,080 268 233 198 167 147 128 109 90 71 52 33
2,080 2,100 272 237 202 169 150 131 111 92 73 54 35
2,100 2,120 277 242 206 171 152 133 114 95 76 56 37
2,120 2,140 281 246 211 176 155 135 116 97 78 59 40
2,140 2,160 286 250 215 180 157 138 119 100 80 61 42
2,160 2,180 290 255 220 185 159 140 121 102 83 64 44
2,180 2,200 294 259 224 189 162 143 123 104 85 66 47
2,200 2,220 299 264 228 193 164 145 126 107 88 68 49
2,220 2,240 303 268 233 198 167 147 128 109 90 71 52
2,240 2,260 308 272 237 202 169 150 131 112 92 73 54